0 1 3 4 9 10 12 13
1 2 4 5 10 11 13 14
3 4 6 7 12 13 15 16
4 5 7 8 13 14 16 17
9 10 12 13 18 19 21 22
10 11 13 14 19 20 22 23
12 13 15 16 21 22 24 25
13 14 16 17 22 23 25 26
